0 0.253125 0.6375 0.19296875 0.1875
0 0.45625 0.740625 0.22265625 0.25
0 0.09375 0.41171875 0.14609375 0.1125
0 0.6765625 0.3453125 0.1296875 0.184375
0 0.209375 0.48203125 0.1953125 0.121875
0 0.88671875 0.7265625 0.1875 0.203125
0 0.2625 0.3859375 0.15625 0.08125
0 0.59375 0.43046875 0.14609375 0.0859375
0 0.33515625 0.4515625 0.14375 0.0953125
0 0.37265625 0.33671875 0.121875 0.06328125
0 0.4953125 0.4015625 0.07734375 0.071875
0 0.746875 0.48125 0.09765625 0.1328125
0 0.6484375 0.38828125 0.18125 0.08203125
0 0.86796875 0.4125 0.0796875 0.0703125