0 0.7328125 0.5890625 0.26875 0.1625
0 0.084375 0.55078125 0.1359375 0.09609375
0 0.49375 0.40703125 0.084375 0.06015625
0 0.95859375 0.7765625 0.08046875 0.11484375
0 0.25546875 0.4953125 0.11171875 0.1875
0 0.02734375 0.38046875 0.0546875 0.0703125
0 0.23828125 0.3671875 0.0765625 0.0765625
0 0.13359375 0.4359375 0.0765625 0.0703125
0 0.01875 0.3421875 0.0375 0.028125
0 0.371875 0.44765625 0.09140625 0.04765625
0 0.00703125 0.55234375 0.0140625 0.028125
0 0.10078125 0.40703125 0.0859375 0.0546875
0 0.14921875 0.34453125 0.0765625 0.03203125
0 0.16171875 0.40078125 0.14765625 0.0578125