0 0.3515625 0.8609375 0.2265625 0.2734375
0 0.059375 0.17890625 0.05234375 0.14921875
0 0.9125 0.8609375 0.17265625 0.2734375
0 0.77734375 0.22578125 0.0734375 0.1765625
0 0.70703125 0.25859375 0.14375 0.14296875
0 0.18203125 0.4875 0.2078125 0.2296875
0 0.20703125 0.6890625 0.1609375 0.23203125
0 0.4546875 0.30703125 0.11796875 0.12109375
0 0.67109375 0.17109375 0.11796875 0.0890625
0 0.8875 0.72734375 0.221875 0.23125
0 0.4890625 0.15 0.0921875 0.09921875
0 0.5640625 0.259375 0.0640625 0.11796875
0 0.50546875 0.271875 0.1015625 0.103125
0 0.6 0.43359375 0.14375 0.20234375
0 0.54375 0.53359375 0.1578125 0.18046875