0 0.85390625 0.6234375 0.25 0.25390625
0 0.5921875 0.63671875 0.23359375 0.2578125
0 0.39609375 0.72734375 0.1875 0.321875
0 0.07421875 0.51484375 0.1484375 0.20078125
0 0.3515625 0.46953125 0.31875 0.446875
0 0.9859375 0.2265625 0.025 0.15703125
0 0.86796875 0.1515625 0.0859375 0.0609375
0 0.6796875 0.2765625 0.15625 0.0796875
0 0.8640625 0.28046875 0.03984375 0.0640625
0 0.5421875 0.15703125 0.08359375 0.0640625
0 0.7984375 0.309375 0.10859375 0.3203125
0 0.1515625 0.3625 0.11875 0.11171875
0 0.56015625 0.27265625 0.06484375 0.09453125
0 0.453125 0.32109375 0.18125 0.3203125