0 0.190625 0.48046875 0.07734375 0.18125
0 0.88828125 0.72109375 0.1390625 0.23125
0 0.3546875 0.54765625 0.12578125 0.09140625
0 0.13125 0.49140625 0.09296875 0.071875
0 0.49375 0.59453125 0.16015625 0.31953125
0 0.66328125 0.59140625 0.1 0.340625
0 0.534375 0.3765625 0.06796875 0.1015625
0 0.88203125 0.540625 0.19765625 0.23203125
0 0.4796875 0.46796875 0.07265625 0.05078125
0 0.896875 0.4171875 0.159375 0.09140625
0 0.70625 0.3890625 0.07109375 0.040625
0 0.553125 0.609375 0.17734375 0.10078125
0 0.76640625 0.36875 0.04296875 0.08359375
0 0.77421875 0.45234375 0.1171875 0.05546875
0 0.67265625 0.43125 0.084375 0.04921875