0 0.60390625 0.565625 0.07734375 0.2359375
0 0.50078125 0.80078125 0.1796875 0.39375
0 0.42734375 0.54140625 0.09609375 0.078125
0 0.13125 0.51640625 0.11640625 0.08359375
0 0.41796875 0.76875 0.17265625 0.165625
0 0.12578125 0.66796875 0.18359375 0.2625
0 0.34921875 0.38828125 0.01953125 0.04609375
0 0.45546875 0.42421875 0.07578125 0.08359375
0 0.475 0.44296875 0.04140625 0.05
0 0.2984375 0.69296875 0.14453125 0.1375
0 0.25546875 0.640625 0.146875 0.128125
0 0.41171875 0.3828125 0.0375 0.06171875
0 0.26171875 0.403125 0.03203125 0.06171875
0 0.3875 0.62578125 0.10625 0.0796875
0 0.428125 0.66328125 0.13515625 0.08359375
0 0.03203125 0.7890625 0.0640625 0.27890625
0 0.13125 0.590625 0.11640625 0.23203125
0 0.27578125 0.38671875 0.0265625 0.05390625
0 0.2328125 0.45625 0.06015625 0.06328125